0 2 2 2 2 2 2 2 2 2 2 2 2 2 2 
2 0 9 9 14 14 11 8 16 12 6 15 14 10 7 
2 9 0 5 7 8 3 3 6 8 7 10 6 11 7 
2 9 5 0 5 8 8 6 5 2 7 10 6 8 7 
2 14 7 5 0 7 3 7 7 14 7 16 6 15 7 
2 14 8 8 7 0 3 6 6 9 7 8 6 10 7 
2 11 3 8 3 3 0 3 3 6 7 7 6 8 7 
2 8 3 6 7 6 3 0 6 14 7 8 6 10 7 
2 16 6 5 7 6 3 6 0 8 7 14 6 15 7 
2 12 8 2 14 9 6 14 8 0 7 12 6 11 7 
2 6 7 7 7 7 7 7 7 7 0 7 7 7 7 
2 15 10 10 16 8 7 8 14 12 7 0 6 7 7 
2 14 6 6 6 6 6 6 6 6 7 6 0 15 7 
2 10 11 8 15 10 8 10 15 11 7 7 15 0 7 
2 7 7 7 7 7 7 7 7 7 7 7 7 7 0 
